10078720
10078735
10078750
10228765
10228780
10228795
10378795
10528795
10678795
10678810
10678825
10678870
10678885
10828825
10828855
10828870
10828900
10978645
10978840
10978855
10978930
10978945
11278645
11278885
11278900
11278915
11278930
11428930
11428945
11878795
12028675
12028690
12028705
12178705
12478720
12478795
12478810
12628765
12628780
12628795
12628810
15628825
15628840
15628855
15628870
15628885
15628900
15628915
15628960
15778960
15928960
16078960
16228825
16228885
16228900
16228915
16228930
16228945
16228960
16378825
16378840
16378855
16828900
16828915
16828930
16978870
16978885
16978930
16978945
17128960
17278750
17278765
17278780
17278870
17278960
17428735
17428750
17428780
17428855
17428870
17428975
17578720
17578795
17578840
17578990
17728705
17728720
17728795
17728810
17728855
17728960
17728975
17728990
17878705
17878810
17878855
17878960
18028705
18028810
18028825
18028870
18028960
18178705
18178810
18178825
18178885
18178975
18328720
18328810
18328885
18478720
18478795
18478885
18478960
18478975
18628720
18628795
18628885
18628900
18628915
18628930
18778720
18778795
18928720
18928780
18928795
19078735
19078750
19078765
19228735
19228750
19828885
19828915
19978630
19978645
19978660
19978675
19978885
19978945
20129005
20279005
20428870
20429005
20578870
20579005
20728870
20728885
20729005
20878990
20879005
21028900
21028975
21178885
21178975
21328870
21328975
21328990
21329005
21329020
21329035
21329050
21478870
21478930
21478945
21479050
21479065
21628870
21628885
21628930
21628945
21628960
21629065
21778930
21778945
21778960
21779065
21779080
21928945
21928960
21929080
22079080
22229065
22229080
22229380
22229440
22379065
22379080
22379380
22379440
22529080
22529380
22529395
22529440
22529470
22529485
22679065
22679080
22829065
22829485
22979470
23128870
23129065
23129110
23129125
23129140
23129155
23129170
23129410
23129425
23129440
23129455
23279035
23279050
23279080
23279095
23428510
23428525
23428570
23428585
23428900
23429035
23429050
23429065
23429170
23578495
23579110
23579125
23579140
23579155
23728480
23728600
23728765
23728915
23729110
23729230
23729245
23878480
23878570
23878585
23878765
23878915
23878930
23878945
23879200
23879215
24028480
24028555
24028795
24029110
24029185
24178540
24178975
24179110
24179170
24328765
24328870
24328885
24329110
24329155
24478765
24478900
24479110
24479155
24629155
24629305
24778780
24778855
24778870
24778885
24779155
24928900
25079155
25229155
25229170
25229185
25379185
25379290
25529170
25529290
25679275
25828765
25828780
25829290
25978735
25978795
25979290
26128705
26128720
26128735
26128810
26129290
26278705
26278810
26428690
26428705
26429275
26578675
26578690
26728675
26728765
26728770
26878675
27028675
99238660
99238675
